[[334  34   8   1   0   0   0]
 [  3 226  22   0   0   0   0]
 [  7  52 859  21   2   0   0]
 [  1   2   9 324  40   0   0]
 [  3   5   2  22 298  31  12]
 [  3   1   0   0  11 145  81]
 [  0   6   0   0   2  20 279]]
             precision    recall  f1-score   support

          1       0.95      0.89      0.92       377
          2       0.69      0.90      0.78       251
          3       0.95      0.91      0.93       941
          4       0.88      0.86      0.87       376
          5       0.84      0.80      0.82       373
          6       0.74      0.60      0.66       241
          7       0.75      0.91      0.82       307

avg / total       0.87      0.86      0.86      2866